10, 26, 11, 3, 7, 12, 14, 1, 0, 9, 24, 10, 27, 5, 14
21, 4, 5, 2, 1, 15, 6, 15, 16, 12, 8, 26, 14, 12, 16
14, 20, 19, 26, 8, 6, 5, 26, 13, 20, 8, 24, 22, 27, 11
3, 12, 2, 4, 5, 29, 9, 26, 28, 12, 26, 22, 13, 6, 26
20, 11, 20, 15, 14, 12, 25, -1, 14, 6, 17, 9, 26, 21, 11
9, 18, 2, 21, 28, 10, 17, 16, 8, 2, 6, 28, 10, 19, 26
18, 29, 13, 10, 0, 11, 25, 27, 26, 15, 19, 23, 19, 21, 14
0, 14, 9, 17, 29, 0, 14, 12, 2, 14, 7, 2, 25, 11, 2
15, 19, 6, 19, 3, 8, 21, 18, 8, 0, 5, -1, 5, 12, 26
23, 22, 16, 7, 9, 16, 23, 21, 12, 8, 5, 8, 23, 1, 26
23, 27, 4, -1, 12, 12, 27, 9, 5, 15, 16, 5, 20, 29, 0
9, 16, 23, 3, 2, 24, 21, 5, 14, 21, 23, 13, 2, 24, 19
29, 18, 2, 2, 21, 2, 7, 3, 24, 25, 24, 1, 9, 14, 18
6, 21, 24, 28, 21, 25, 10, 2, 16, 5, 10, 3, 29, 20, 4
19, 13, 10, 6, 3, 21, 3, 26, 20, 21, 15, 15, 16, 11, 19
0,0
14,14
end
