7, 26, 11, 16, -1, 10, 25, 16, 20, 15, 9, 28, 9, 1, 17, 3, 17, 1, 16, 26
7, 16, 22, 17, 11, -1, 26, 17, 13, 8, 18, 18, -1, 26, 13, 25, 6, 6, 0, 25
25, 19, 11, 9, 22, 5, 5, 23, 23, 13, 27, 11, 6, 17, 12, 12, -1, 20, 23, 23
20, 1, 2, 2, 11, 9, 24, 10, 4, 10, 28, 14, 14, 28, 10, 27, 15, 12, 25, 2
9, -1, 5, 7, 18, 28, 24, 11, 24, 0, 17, 24, 13, 11, 1, 12, 3, 21, 3, 26
28, 9, 22, 19, 20, 8, 7, 8, 11, 5, 26, 9, 4, 22, 0, 25, 3, 14, 4, 7
27, 1, 22, 26, 7, -1, 0, 23, 15, 4, 3, -1, 3, 25, 3, 7, 25, 17, 24, 28
28, 27, 13, 14, 3, 13, 4, 10, 0, 5, 20, 8, 26, 1, 12, 26, 0, 1, 10, 25
3, 0, 15, 23, 28, 23, 1, 22, 22, 16, 10, 11, 12, 2, 14, 18, 20, 2, 1, 25
28, 2, 10, 20, -1, 8, 11, 3, 0, 6, 27, 22, -1, 17, 6, 3, 12, 15, 2, 18
6, 16, 27, 25, 13, 12, 1, 11, 3, 8, 16, 9, 27, 10, 2, 5, 1, 16, 23, 3
10, 13, 25, -1, 23, 7, 22, 15, 11, 28, 1, 20, 15, 9, 8, 1, 20, 3, 22, 14
13, 1, 6, 24, 6, 1, 15, 14, 18, 19, 5, 25, 6, 24, -1, 23, -1, 20, 15, 19
-1, 9, 16, 16, 20, 11, 12, 13, 7, 12, 4, 28, 20, 20, 6, 28, 7, 5, 19, 12
3, 24, 12, 18, 19, 1, 2, 18, 2, 19, 13, 20, 22, -1, 16, 0, 26, 17, 6, 22
3, 21, 0, 15, 10, 5, 14, 6, 22, -1, 10, 6, 3, 22, 12, 17, 12, 11, 5, -1
19, 0, 10, 9, -1, 10, -1, 4, 9, 1, 12, 25, 28, 19, 20, -1, 14, 27, 14, 2
23, 1, 17, 1, 24, 21, 22, 27, 3, 13, 14, 21, 13, 16, 25, 6, 27, 4, 11, 9
17, 10, 4, 16, 2, 19, 3, 22, 5, 10, 0, 5, 1, 11, 20, 16, 22, 23, 26, 2
27, 16, -1, 2, 10, 20, 15, 15, 13, 20, 15, 9, 19, 14, 25, 10, 17, 8, 16, 20
0,0
19,19
end
