20, 4, 9, 18, 27, 5, 5, 0, -1, 8, -1, 17, 18, 19, 5, 10, 18, 28, 21, 21, 4, 5, 21, 3, 2
7, 15, -1, 3, 21, 0, 20, 26, 16, 11, 10, 18, 15, 12, 1, 13, 27, 8, 19, 0, 5, 19, 10, 17, 5
1, 27, 0, 4, -1, 12, 15, 9, 19, 7, 7, 13, 21, 27, -1, 4, 22, 7, 18, 27, 0, 26, 6, 25, 18
7, 23, 4, 18, 14, 5, 5, 7, 9, 17, 26, -1, 4, 28, 10, 7, 25, 18, 7, 6, 1, 12, 19, 28, 24
-1, 4, 17, 16, 22, 0, 10, 8, 6, 4, 0, 10, 15, 22, 5, -1, 22, 17, 11, -1, 16, 3, 22, 27, 8
23, 18, 24, 9, 28, 2, 14, 26, 22, 27, 13, 18, 21, 14, 0, 16, 8, 2, 28, 7, 16, 23, 26, 20, 1
19, 19, 22, 4, 8, -1, 22, 12, -1, 28, 11, 28, 2, 11, 3, 22, 26, 12, 12, 6, 28, 7, 22, 23, 22
4, 21, 1, 12, 9, 19, 11, 22, 10, 14, 26, 0, 2, 24, 26, 12, 16, 10, 16, 6, 14, 14, 17, 22, 17
23, 23, 7, 26, 27, 18, 6, 1, -1, 13, 21, 19, 5, 6, 18, 27, 27, 4, 16, 24, 12, 13, 19, 7, 3
15, 25, 25, 21, 28, 21, 7, 6, 26, 10, 13, 2, -1, -1, 27, 8, 22, 20, 20, 4, 8, 5, 1, 7, 8
9, 0, 11, 27, 4, 16, 25, 15, 0, 21, 19, 13, 18, 4, 8, 16, 7, 0, 6, 4, 19, 9, 1, 19, 26
4, 8, 12, 9, 20, 0, 10, 25, 20, 10, 13, 12, 24, 2, 3, 10, 6, 25, 24, -1, 16, 23, 13, 4, 17
17, 20, 0, -1, 17, 12, 25, 27, 11, 0, 24, 16, 22, 19, 5, 13, 25, 19, 19, 26, -1, 13, 25, 21, 0
22, 27, 25, 12, 25, 8, 28, 9, 26, 16, 21, 0, 0, 28, -1, 7, 2, 0, 14, 16, 0, 24, 5, 26, 0
16, 8, 14, 13, 8, 5, 10, -1, 4, 28, 2, 20, 11, 17, 5, 10, 19, -1, 8, 15, 7, 16, 13, 22, 19
4, 6, 26, 27, 15, 9, 10, 22, 5, 8, 20, 4, 26, 14, 16, 6, 2, 8, 1, -1, 6, 10, 26, 15, 9
22, 13, 25, 11, 28, 13, 6, 8, 16, 10, 25, 10, 13, 10, 28, 24, 7, 13, 2, 8, 6, 16, 4, 22, 21
9, 2, 23, 5, 3, 23, 14, 21, 16, 18, -1, 14, 2, 11, 7, 10, 1, 3, 10, 4, 9, 2, 23, 0, 15
26, 8, 5, 15, 12, 13, 0, 10, 17, 27, 25, -1, 8, 27, -1, 14, 13, 6, 15, 17, 2, 3, 7, 19, 10
27, 23, 16, 6, 21, 10, -1, 27, 22, 15, 17, 5, 24, 9, 12, 27, 10, 14, 14, -1, 23, 17, 19, 11, 3
23, 28, 24, 25, 9, 19, 0, 10, 3, 14, 21, 16, 3, 16, 13, 10, 8, 16, 23, 21, 17, 8, 6, 23, 15
7, 13, 20, 17, 4, 20, 15, 19, 22, 6, 22, 8, 20, -1, 19, 12, 22, 19, 25, 20, 24, 10, 28, 24, 2
24, 19, 9, 15, 13, -1, 20, 14, 25, -1, 20, 23, 28, 20, 2, 23, 1, 2, 9, 6, 8, 21, 25, 12, 23
4, 27, 16, 8, 16, 6, 21, 28, 11, 12, 27, -1, 10, 7, 22, 12, 14, 16, 9, 26, 18, 19, 21, -1, 2
17, 5, 21, 6, 7, 8, 1, 27, 28, 24, 6, 25, -1, 6, 15, 9, 19, 17, 6, 0, 27, 6, 17, -1, 27
0,0
24,24
end
